43.0
71.66666666666667
100
0
1800
19.0
205.0
52.55468200141726
115.00126295742687
115.00126295742687
57.50063147871344
92.44460039829247
2.6423200859291085
19.873950406641004
366.5738161559889
7
15
2
0.1
0.01
11
False
True
500. 2000.
1 1 1 0 0 0 0 0 0 0 0 0 0 0 0 1 1 1 0 0 2 0 0 0 0 0 0 0 0 0 1 1 0 0 0 0  0 0 0 0 0 0 0 0 0 1 1 0 0 0 0 0 0 0 0 0 0 0 0 0 1 1 0 0 0 0 0 0 0 0 0 0  0 0 0 1 1 0 0 0 0 0 0 0 0 0 0 0 0 2 1 1 1 0 0 0 0 0 0 0 0 0 0 0 0
 1  5  5 14
 2 10 10 28
 287.50315739 1207.51326105 1207.51326105 3277.53599429
2 2 2 0 0 0 0 0 0 0 1 1 1 1 1 2 2 2 0 0 0 0 0 0 0 1 1 1 1 1 2 2 0 0 0 0  0 0 0 1 1 1 1 1 1 2 2 0 0 0 0 0 0 0 1 1 1 1 1 1 2 2 0 0 0 0 0 0 1 1 1 1  1 1 1 2 2 0 0 0 0 0 0 1 1 1 1 1 1 1 2 2 2 0 0 0 0 1 1 1 1 1 1 1 1
0 0 0 1 1 1 1 1 1 1 0 0 0 0 0 0 0 0 1 1 1 1 1 1 1 0 0 0 0 0 0 0 1 1 1 1  1 1 1 0 0 0 0 0 0 0 0 1 1 1 1 1 1 1 0 0 0 0 0 0 0 0 1 1 1 1 1 1 0 0 0 0  0 0 0 0 0 1 1 1 1 1 1 0 0 0 0 0 0 0 0 0 0 1 1 1 1 0 0 0 0 0 0 0 0 0 0 0  0 0 0 0 0 0 0 1 1 1 1 1 0 0 0 0 0 0 0 0 0 0 1 1 1 1 1 0 0 0 0 0 0 0 0 0  1 1 1 1 1 1 0 0 0 0 0 0 0 0 0 1 1 1 1 1 1 0 0 0 0 0 0 0 0 1 1 1 1 1 1 1  0 0 0 0 0 0 0 0 1 1 1 1 1 1 1 0 0 0 0 0 0 0 1 1 1 1 1 1 1 1