100
750
2520
16.0
210.0
55.96266785427594
117.80617181004705
117.80617181004705
58.903085905023524
93.78678920463464
2.706766917293233
16.414958972105662
366.5738161559889
10
10
5
0.1
0.01
10
False
True
500. 500.
1 0 0 0 0 1 0 0 0 0 1 0 1 0 0 0 0 0 0 0 0 0 0 0 0 1 0 1 0 0 0 0 0 0 0 0  0 0 0 1 0 0 1 0 0 1 2 0 0 0 0 0 0 0 0 1 0 0 0 0 0 0 1 0 0 0 0 0 0 0 0 0  0 2 0 0 2 0 0 0 1 0 0 0 0 0 0 0 0 0 1 1 2 1 0 0 0 0 2 0
4 6 7 3 7 6 9 2 9 8
 8 12 14  6 14 12 18  4 18 16
1001.35246039 1472.57714763 1708.18949125  765.74011677 1708.18949125  1472.57714763 2179.41417849  530.12777315 2179.41417849 1943.80183487
5 1 1 1 1 5 0 0 0 0 5 1 5 1 1 0 0 0 0 0 3 1 1 1 1 5 0 5 0 0 3 3 1 1 2 0  0 0 4 5 3 3 5 1 2 5 0 0 4 4 3 3 3 1 2 5 2 2 2 4 3 3 5 1 2 2 2 2 4 4 3 3  3 1 2 2 2 2 4 4 5 3 3 3 2 2 2 4 4 4 5 5 3 5 4 4 4 4 4 4
0 0 0 0 0 0 1 1 1 1 0 0 0 0 0 1 1 1 1 1 0 0 0 0 0 0 1 0 1 1 0 0 0 0 0 1  1 1 0 0 0 0 0 0 0 0 1 1 0 0 0 0 0 0 0 0 0 0 0 0 0 0 0 0 0 0 0 0 0 0 0 0  0 0 0 0 0 0 0 0 0 0 0 0 0 0 0 0 0 0 0 0 0 0 0 0 0 0 0 0 0 1 1 1 1 0 0 0  0 0 0 1 0 1 1 0 0 0 0 0 0 1 1 1 1 0 0 0 0 0 0 0 1 1 0 0 0 0 0 0 0 0 0 1  0 0 0 0 0 0 0 0 0 1 0 0 0 0 0 0 0 0 0 1 0 0 0 0 0 0 0 0 0 1 0 0 0 0 0 0  0 0 0 0 0 0 0 0 0 0 0 0 0 0 0 0 0 0 0 0 0 0 0 0 0 0 0 0 0 0 0 0 0 0 0 0  0 0 0 0 0 0 0 0 0 0 0 0 0 0 0 0 0 0 1 0 0 0 0 0 0 0 0 0 1 0 0 0 0 0 0 0  0 0 1 0 1 1 1 0 0 0 0 0 1 1 1 1 0 0 0 0 0 0 1 1 1 1 0 0 0 0 0 0 1 1 1 0  0 0 0 0 0 0 0 0 0 0 0 0 0 0 0 0 0 0 0 0 0 0 0 0 0 0 0 0 0 0 0 0 1 0 0 0  0 0 0 0 0 0 1 1 0 0 0 0 0 0 0 0 1 1 0 0 0 0 0 0 0 0 1 1 1 0 0 0 0 0 0 0  1 1 0 0 0 0 0 0 0 0 1 1 1 0 0 0 0 0 0 0 0 1 1 1 0 0 0 0 0 0 0 0 1 0 0 0  0 0 0 0 0 0 0 0 0 0 0 0 0 0 0 0 0 0 0 0 0 0 0 0 0 0 0 0 0 0 0 0 0 0 0 0  0 0 0 0 0 0 1 0 0 0 0 0 0 0 0 0 1 1 0 0 0 0 0 0 0 0 0 1 0 0 0 0 0 0 0 0  1 1 0 0 0 0 0 0 0 0 1 1 0 0 0 0 0 0 0 1 1 1 0 0 0 0 1 1 1 1 1 1
