805.0088407 805.0088407
1
43.0
71.66666666666667
100
0.0
1800
19.0
205.0
52.55468200141726
115.00126295742687
115.00126295742687
57.50063147871344
92.44460039829247
2.6423200859291085
19.873950406641004
366.5738161559889
7
15
2
0.1
0.001
11
False
False
 500. 2000.
1 1 1 0 0 0 0 0 0 0 0 0 0 0 0 1 1 1 0 0 0 0 0 0 0 0 0 0 0 0 1 1 2 2 0 0  0 0 0 0 0 0 0 0 0 1 1 0 1 0 0 0 0 0 0 0 0 0 0 0 1 1 0 0 0 0 0 0 0 0 0 0  0 0 0 1 1 0 0 0 0 0 0 0 0 0 0 0 0 0 1 1 1 0 0 0 0 0 0 0 0 0 0 0 0
2 2 2 3
4 5 4 7
517.50568331 632.50694627 517.50568331 862.50947218
2 2 2 1 1 1 1 1 1 1 1 1 1 1 1 2 2 2 1 1 1 1 1 1 1 1 1 1 1 1 2 2 0 1 1 1  1 1 1 1 1 1 1 1 1 2 2 0 2 1 1 1 0 1 1 1 0 0 1 1 2 2 0 0 0 0 0 0 0 0 0 0  0 0 0 2 2 0 0 0 0 0 0 0 0 0 0 0 0 0 2 2 2 0 0 0 0 0 0 0 0 0 0 0 0
0 0 0 0 0 0 0 0 0 0 0 0 0 0 0 0 0 0 0 0 0 0 0 0 0 0 0 0 0 0 0 0 1 0 0 0  0 0 0 0 0 0 0 0 0 0 0 1 0 0 0 0 1 0 0 0 1 1 0 0 0 0 1 1 1 1 1 1 1 1 1 1  1 1 1 0 0 1 1 1 1 1 1 1 1 1 1 1 1 1 0 0 0 1 1 1 1 1 1 1 1 1 1 1 1 0 0 0  1 1 1 1 1 1 1 1 1 1 1 1 0 0 0 1 1 1 1 1 1 1 1 1 1 1 1 0 0 0 1 1 1 1 1 1  1 1 1 1 1 1 0 0 0 0 1 1 1 0 1 1 1 0 0 1 1 0 0 0 0 0 0 0 0 0 0 0 0 0 0 0  0 0 0 0 0 0 0 0 0 0 0 0 0 0 0 0 0 0 0 0 0 0 0 0 0 0 0 0 0 0
